#ifndef LGFCORE_H_
#define LGFCORE_H_

#include <AMReX_Geometry.H>
#include <AMReX_MultiFab.H>
#include <AMReX_BCRec.H>
#include <AMReX_Math.H>
#include <AMReX_ParallelDescriptor.H>
#include <AMReX_BLProfiler.H>


// defining structs used within LGFcore
struct FabMetaData
{
    /**
     * @brief This is a basic struct that stores box-wise meta data: box number offset, box lo, box hi
     * 
     */
    int offset;
    amrex::IntVect lo;
    amrex::IntVect hi;
    amrex::GpuArray<amrex::Real, AMREX_SPACEDIM> dx;
};

struct ConsolidatedData 
{
    amrex::Gpu::DeviceVector<amrex::Real> data;
    amrex::Gpu::DeviceVector<FabMetaData> metadata;
};

struct LGFCommBuffers 
{
    // host buffers
    amrex::Vector<FabMetaData> h_local_meta;
    amrex::Vector<int>         h_box_tag_arr;
    amrex::Vector<int>         h_box_data_offsets;

    // MPI bookkeeping (host; sized to nprocs once)
    amrex::Vector<int> data_counts, data_displs;
    amrex::Vector<int> meta_counts, meta_displs;
    amrex::Vector<int> d_byte_counts, d_byte_displs;
    amrex::Vector<int> m_byte_counts, m_byte_displs;

    // device buffers 
    amrex::Gpu::DeviceVector<amrex::Real>     d_local_data;
    amrex::Gpu::DeviceVector<FabMetaData>     d_local_meta;
    amrex::Gpu::DeviceVector<int>             d_data_displs;
    amrex::Gpu::DeviceVector<int>             d_meta_displs;
};

// defining key functions within LGFcore
void tagSource(amrex::Gpu::DeviceVector<int>& d_is_box_tagged, const amrex::MultiFab& phifab, const amrex::Real source_threshold);
void consolidateMultiFab(ConsolidatedData& consolPhi, const amrex::MultiFab& phifab, const amrex::Geometry& geom, amrex::Gpu::DeviceVector<int>& box_tag_arr, LGFCommBuffers& buff);
void addEverySourceBox(const amrex::MultiFab& source, amrex::MultiFab& target, const amrex::Geometry& geom, amrex::Gpu::DeviceVector<int>& box_tag_arr, int n_lookup, ConsolidatedData& consolSource, LGFCommBuffers& buff) ;

// function to compute discrete LGF kernel for 2D
AMREX_GPU_DEVICE AMREX_FORCE_INLINE 
amrex::Real computeLGF(int n_lookup,
                    AMREX_D_DECL(amrex::Real x_tar, amrex::Real y_tar, amrex::Real z_tar),
                    AMREX_D_DECL(amrex::Real x_src, amrex::Real y_src, amrex::Real z_src),
                    AMREX_D_DECL(amrex::Real dx_val, amrex::Real dy_val, amrex::Real dz_val))
{
    // compute physical distance
    amrex:: Real AMREX_D_DECL(dx_dist = x_tar - x_src,
                            dy_dist = y_tar - y_src,
                            dz_dist = z_tar - z_src);
    
    // compute non-dimensional distances without roundoff
    amrex::Real AMREX_D_DECL(deltax = dx_dist / dx_val,
                            deltay = dy_dist / dy_val,
                            deltaz = dz_dist / dz_val);
    
    // convert physical distance to integer grid offsets
    int AMREX_D_DECL(nx = amrex::Math::abs(amrex::Math::round(dx_dist / dx_val)),
                    ny = amrex::Math::abs(amrex::Math::round(dy_dist / dy_val)),
                    nz = amrex::Math::abs(amrex::Math::round(dz_dist / dz_val)));

    // 2D Kernel computations
#if AMREX_SPACEDIM == 2
    if ((nx * nx + ny * ny <= ((n_lookup - 1) * (n_lookup - 1))))
    {
        AMREX_ASSERT(nx < 32 && ny < 32); // guard against table resize without updating cutoff
        static constexpr amrex::Real exact_core[32][32] = {
            {-0.000000000000, 0.250000000000, 0.363380227632, 0.430281365795, 0.476993647394, 0.512902329079, 0.542115430423, 0.566760291019, 0.588081888562, 0.606874150172, 0.623675571216, 0.638868658482, 0.652735068932, 0.665488284663, 0.677294014050, 0.688283478585, 0.698562373971, 0.708217094624, 0.717319167926, 0.725928483107, 0.734095688014, 0.741863998682, 0.749270586379, 0.756347655313, 0.763123290289, 0.769622130856, 0.775865912924, 0.781873907918, 0.787663281914, 0.793249391630, 0.798646030155, 0.803865632317},
            {0.250000000000, 0.318309886184, 0.386619772368, 0.440375794076, 0.482395447352, 0.516250119249, 0.544399550798, 0.568421922546, 0.589346556528, 0.607869570454, 0.624479738105, 0.639531996890, 0.653291666292, 0.665962027834, 0.677702146476, 0.688638763160, 0.698874461337, 0.708493418299, 0.717565546987, 0.726149538243, 0.734295135134, 0.742044860167, 0.749435345761, 0.756498372293, 0.763261687492, 0.769749660106, 0.775983806461, 0.781983218417, 0.787764914053, 0.793344127225, 0.798734548337, 0.803948525858},
            {0.363380227632, 0.386619772368, 0.424413181578, 0.462206590789, 0.495962228688, 0.525303149768, 0.550810730973, 0.573181291838, 0.593012844550, 0.610777837013, 0.626841813859, 0.641487924681, 0.654937571511, 0.667366013908, 0.678913780859, 0.689694966243, 0.699803289917, 0.709316570250, 0.718300063478, 0.726808987746, 0.734890454110, 0.742584961093, 0.749927564203, 0.756948800606, 0.763675427281, 0.770131015615, 0.776336434398, 0.782310245236, 0.788069028657, 0.793627654881, 0.798999510110, 0.804196686758},
            {0.430281365795, 0.440375794076, 0.462206590789, 0.488075158815, 0.513943726841, 0.538189520163, 0.560358931488, 0.580479669282, 0.598745692822, 0.615387119190, 0.630621755638, 0.644640316463, 0.657604681163, 0.669650675426, 0.680891996809, 0.691424031034, 0.701327161838, 0.710669509307, 0.719509148931, 0.727895895152, 0.735872732468, 0.743476965890, 0.750741149353, 0.757693838648, 0.764360205410, 0.770762540676, 0.776920670278, 0.782852299473, 0.788573300456, 0.794097953532, 0.799439150462, 0.804608566773},
            {0.476993647394, 0.482395447352, 0.495962228688, 0.513943726841, 0.533547999699, 0.553152272556, 0.571955805532, 0.589632760981, 0.606103138266, 0.621403191286, 0.635617773041, 0.648846904369, 0.661190161252, 0.672740009826, 0.683579499918, 0.693781999248, 0.703411817093, 0.712525156208, 0.721171127786, 0.729392711462, 0.737227614721, 0.744709020648, 0.751866228670, 0.758725199222, 0.765309015034, 0.771638271399, 0.777731406567, 0.783604981923, 0.789273920163, 0.794751708330, 0.800050571434, 0.805181621404},
            {0.512902329079, 0.516250119249, 0.525303149768, 0.538189520163, 0.553152272556, 0.568915764830, 0.584679257104, 0.599992430844, 0.614630907974, 0.628504734646, 0.641599240872, 0.653939366721, 0.665569049648, 0.676539702708, 0.686903993787, 0.696712648948, 0.706012951078, 0.714848170646, 0.723257494543, 0.731276208191, 0.738935994305, 0.746265273309, 0.753289545457, 0.760031714537, 0.766512384106, 0.772750123321, 0.778761702667, 0.784562301488, 0.790165689943, 0.795584388190, 0.800829805539, 0.805912362110},
            {0.542115430423, 0.544399550798, 0.550810730973, 0.560358931488, 0.571955805532, 0.584679257104, 0.597853027210, 0.611026797317, 0.623923328142, 0.636385598451, 0.648335089079, 0.659742271995, 0.670606967913, 0.680945757572, 0.690784123575, 0.700151651678, 0.709079167624, 0.717597080756, 0.725734471548, 0.733518632452, 0.740974881000, 0.748126532827, 0.754994965313, 0.761599729363, 0.767958683531, 0.774088135112, 0.780002979291, 0.785716831418, 0.791242149931, 0.796590348950, 0.801771900420, 0.806796426204},
            {0.566760291019, 0.568421922546, 0.573181291838, 0.580479669282, 0.589632760981, 0.599992430844, 0.611026797317, 0.622338403071, 0.633650008825, 0.644779241937, 0.655613244998, 0.666087664267, 0.676170792437, 0.685852236091, 0.695135091261, 0.704030666567, 0.712554986982, 0.720726513208, 0.728564678441, 0.736088969070, 0.743318364418, 0.750271011684, 0.756964053604, 0.763413554072, 0.769634485543, 0.775640754303, 0.781445247968, 0.787059894963, 0.792495729414, 0.797762957257, 0.802871020989, 0.807828661530},
            {0.588081888562, 0.589346556528, 0.593012844550, 0.598745692822, 0.606103138266, 0.614630907974, 0.623923328142, 0.633650008825, 0.643559062150, 0.653468115475, 0.663250984710, 0.672824347638, 0.682136301477, 0.691157303093, 0.699873338813, 0.708280936348, 0.716383600529, 0.724189306652, 0.731708759939, 0.738954200970, 0.745938595915, 0.752675095889, 0.759176683345, 0.765455947780, 0.771524950265, 0.777395148591, 0.783077363315, 0.788581771053, 0.793917915505, 0.799094729675, 0.804120564751, 0.809003222575},
            {0.606874150172, 0.607869570454, 0.610777837013, 0.615387119190, 0.621403191286, 0.628504734646, 0.636385598451, 0.644779241937, 0.653468115475, 0.662283173102, 0.671098230729, 0.679822440097, 0.688392762740, 0.696767335990, 0.704920024550, 0.712836139482, 0.720509172134, 0.727938352930, 0.735126853694, 0.742080478955, 0.748806722385, 0.755314092610, 0.761611636109, 0.767708603436, 0.773614219147, 0.779337526479, 0.784887285649, 0.790271910427, 0.795499431878, 0.800577481187, 0.805513285763, 0.810313674400},
            {0.623675571216, 0.624479738105, 0.626841813859, 0.630621755638, 0.635617773041, 0.641599240872, 0.648335089079, 0.655613244998, 0.663250984710, 0.671098230729, 0.679036325006, 0.686974419283, 0.694844973396, 0.702599253577, 0.710203283915, 0.717634424898, 0.724878595593, 0.731928079242, 0.738779822952, 0.745434138771, 0.751893722060, 0.758162916056, 0.764247165047, 0.770152610707, 0.775885796406, 0.781453452531, 0.786862342374, 0.792119153129, 0.797230420392, 0.802202477432, 0.807041422714, 0.811753100783},
            {0.638868658482, 0.639531996890, 0.641487924681, 0.644640316463, 0.648846904369, 0.653939366721, 0.659742271995, 0.666087664267, 0.672824347638, 0.679822440097, 0.686974419283, 0.694193938634, 0.701413457984, 0.708581421005, 0.715659432637, 0.722619680601, 0.729442706099, 0.736115545494, 0.742630220099, 0.748982531117, 0.755171111028, 0.761196684508, 0.767061497314, 0.772768877940, 0.778322903240, 0.783728144866, 0.788989478186, 0.794111939323, 0.799100619129, 0.803960585436, 0.808696826880, 0.813314213156},
            {0.652735068932, 0.653291666292, 0.654937571511, 0.657604681163, 0.661190161252, 0.665569049648, 0.670606967913, 0.676170792437, 0.682136301477, 0.688392762740, 0.694844973396, 0.701413457984, 0.708033498903, 0.714653539821, 0.721233345027, 0.727742158770, 0.734157002707, 0.740461176536, 0.746642980832, 0.752694654572, 0.758611506425, 0.764391213635, 0.770033261762, 0.775538500498, 0.780908793748, 0.786146745508, 0.791255486182, 0.796238506846, 0.801099531365, 0.805842418303, 0.810471086212, 0.814989457219},
            {0.665488284663, 0.665962027834, 0.667366013908, 0.669650675426, 0.672740009826, 0.676539702708, 0.680945757572, 0.685852236091, 0.691157303093, 0.696767335990, 0.702599253577, 0.708581421005, 0.714653539821, 0.720765894350, 0.726878248879, 0.732958606745, 0.738981969424, 0.744929177112, 0.750785872122, 0.756541599913, 0.762189046465, 0.767723401844, 0.773141835603, 0.778443068541, 0.783627025745, 0.788694557235, 0.793647214189, 0.798487070515, 0.803216581182, 0.807838470200, 0.812355642446, 0.816771114590},
            {0.677294014050, 0.677702146476, 0.678913780859, 0.680891996809, 0.683579499918, 0.686903993787, 0.690784123575, 0.695135091261, 0.699873338813, 0.704920024550, 0.710203283915, 0.715659432637, 0.721233345027, 0.726878248879, 0.732555149394, 0.738232049909, 0.743883091130, 0.749487690365, 0.755029730633, 0.760496826491, 0.765879677680, 0.771171511672, 0.776367610265, 0.781464912317, 0.786461683457, 0.791357243498, 0.796151742822, 0.800845979843, 0.805441252648, 0.809939238870, 0.814341898781, 0.818651397387},
            {0.688283478585, 0.688638763160, 0.689694966243, 0.691424031034, 0.693781999248, 0.696712648948, 0.700151651678, 0.704030666567, 0.708280936348, 0.712836139482, 0.717634424898, 0.722619680601, 0.727742158770, 0.732958606745, 0.738232049909, 0.743531352366, 0.748830654823, 0.754108762585, 0.759348533554, 0.764536297737, 0.769661326093, 0.774715356901, 0.779692181468, 0.784587287005, 0.789397552268, 0.794120990479, 0.798756533759, 0.803303853387, 0.807763210695, 0.812135333851, 0.816421316421, 0.820622534130},
            {0.698562373971, 0.698874461337, 0.699803289917, 0.701327161838, 0.703411817093, 0.706012951078, 0.709079167624, 0.712554986982, 0.716383600529, 0.720509172134, 0.724878595593, 0.729442706099, 0.734157002707, 0.738981969424, 0.743883091130, 0.748830654823, 0.753799413210, 0.758768171598, 0.763719343260, 0.768638504811, 0.773513972053, 0.778336408369, 0.783098471700, 0.787794501969, 0.792420248128, 0.796972632393, 0.801449548346, 0.805849689252, 0.810172402896, 0.814417569417, 0.818585498921, 0.822676845943},
            {0.708217094624, 0.708493418299, 0.709316570250, 0.710669509307, 0.712525156208, 0.714848170646, 0.717597080756, 0.720726513208, 0.724189306652, 0.727938352930, 0.731928079242, 0.736115545494, 0.740461176536, 0.744929177112, 0.749487690365, 0.754108762585, 0.758768171598, 0.763445167337, 0.768122163076, 0.772784406194, 0.777419648939, 0.782017832822, 0.786570794995, 0.791072001042, 0.795516305884, 0.799899742619, 0.804219337980, 0.808472952380, 0.812659142218, 0.816777042002, 0.820826263901, 0.824806812486},
            {0.717319167926, 0.717565546987, 0.718300063478, 0.719509148931, 0.721171127786, 0.723257494543, 0.725734471548, 0.728564678441, 0.731708759939, 0.735126853694, 0.738779822952, 0.742630220099, 0.746642980832, 0.750785872122, 0.755029730633, 0.759348533554, 0.763719343260, 0.768122163076, 0.772539735514, 0.776957307951, 0.781362384687, 0.785744478986, 0.790094874416, 0.794406401321, 0.798673231745, 0.802890694219, 0.807055108574, 0.811163640069, 0.815214171595, 0.819205192473, 0.823135702195, 0.827005127493},
            {0.725928483107, 0.726149538243, 0.726808987746, 0.727895895152, 0.729392711462, 0.731276208191, 0.733518632452, 0.736088969070, 0.738954200970, 0.742080478955, 0.745434138771, 0.748982531117, 0.752694654572, 0.756541599913, 0.760496826491, 0.764536297737, 0.768638504811, 0.772784406194, 0.776957307951, 0.781142705411, 0.785328102870, 0.789502824019, 0.793657822361, 0.797785498083, 0.801879525556, 0.805934693936, 0.809946762030, 0.813912327727, 0.817828711621, 0.821693854099, 0.825506224913, 0.829264744138},
            {0.734095688014, 0.734295135134, 0.734890454110, 0.735872732468, 0.737227614721, 0.738935994305, 0.740974881000, 0.743318364418, 0.745938595915, 0.748806722385, 0.751893722060, 0.755171111028, 0.758611506425, 0.762189046465, 0.765879677680, 0.769661326093, 0.773513972053, 0.777419648939, 0.781362384687, 0.785328102870, 0.789304497364, 0.793280891858, 0.797248092926, 0.801198243092, 0.805124678462, 0.809021793939, 0.812884917883, 0.816710197188, 0.820494493062, 0.824235287388, 0.827930599220, 0.831578910755},
            {0.741863998682, 0.742044860167, 0.742584961093, 0.743476965890, 0.744709020648, 0.746265273309, 0.748126532827, 0.750271011684, 0.752675095889, 0.755314092610, 0.758162916056, 0.761196684508, 0.764391213635, 0.767723401844, 0.771171511672, 0.774715356901, 0.778336408369, 0.782017832822, 0.785744478986, 0.789502824019, 0.793280891858, 0.797068153125, 0.800855414391, 0.804634702897, 0.808399151262, 0.812142885473, 0.815860918376, 0.819549050082, 0.823203776049, 0.826822203173, 0.830401973824, 0.833941197590},
            {0.749270586379, 0.749435345761, 0.749927564203, 0.750741149353, 0.751866228670, 0.753289545457, 0.754994965313, 0.756964053604, 0.759176683345, 0.761611636109, 0.764247165047, 0.767061497314, 0.770033261762, 0.773141835603, 0.776367610265, 0.779692181468, 0.783098471700, 0.786570794995, 0.790094874416, 0.793657822361, 0.797248092926, 0.800855414391, 0.804470708617, 0.808086002844, 0.811694338216, 0.815289678315, 0.818866820067, 0.822421308712, 0.825949357881, 0.829447775432, 0.832913895312, 0.836345515471},
            {0.756347655313, 0.756498372293, 0.756948800606, 0.757693838648, 0.758725199222, 0.760031714537, 0.761599729363, 0.763413554072, 0.765455947780, 0.767708603436, 0.770152610707, 0.772768877940, 0.775538500498, 0.778443068541, 0.781464912317, 0.784587287005, 0.787794501969, 0.791072001042, 0.794406401321, 0.797785498083, 0.801198243092, 0.804634702897, 0.808086002844, 0.811544261644, 0.815002520444, 0.818454669502, 0.821895374866, 0.825320006818, 0.828724571329, 0.832105645362, 0.835460316519, 0.838786127285},
            {0.763123290289, 0.763261687492, 0.763675427281, 0.764360205410, 0.765309015034, 0.766512384106, 0.767958683531, 0.769634485543, 0.771524950265, 0.773614219147, 0.775885796406, 0.778322903240, 0.780908793748, 0.783627025745, 0.786461683457, 0.789397552268, 0.792420248128, 0.795516305884, 0.798673231745, 0.801879525556, 0.805124678462, 0.808399151262, 0.811694338216, 0.815002520444, 0.818316812414, 0.821631104383, 0.824940003078, 0.828238772366, 0.831523275256, 0.834789918169, 0.838035598119, 0.841257653223},
            {0.769622130856, 0.769749660106, 0.770131015615, 0.770762540676, 0.771638271399, 0.772750123321, 0.774088135112, 0.775640754303, 0.777395148591, 0.779337526479, 0.781453452531, 0.783728144866, 0.786146745508, 0.788694557235, 0.791357243498, 0.794120990479, 0.796972632393, 0.799899742619, 0.802890694219, 0.805934693936, 0.809021793939, 0.812142885473, 0.815289678315, 0.818454669502, 0.821631104383, 0.824812932540, 0.827994760696, 0.831171804310, 0.834339839161, 0.837495153938, 0.840634504563, 0.843755070741},
            {0.775865912924, 0.775983806461, 0.776336434398, 0.776920670278, 0.777731406567, 0.778761702667, 0.780002979291, 0.781445247968, 0.783077363315, 0.784887285649, 0.786862342374, 0.788989478186, 0.791255486182, 0.793647214189, 0.796151742822, 0.798756533759, 0.801449548346, 0.804219337980, 0.807055108574, 0.809946762030, 0.812884917883, 0.815860918376, 0.818866820067, 0.821895374866, 0.824940003078, 0.827994760696, 0.831054302857, 0.834113845018, 0.837169123138, 0.840216353860, 0.843252195454, 0.846273710094},
            {0.781873907918, 0.781983218417, 0.782310245236, 0.782852299473, 0.783604981923, 0.784562301488, 0.785716831418, 0.787059894963, 0.788581771053, 0.790271910427, 0.792119153129, 0.794111939323, 0.796238506846, 0.798487070515, 0.800845979843, 0.803303853387, 0.805849689252, 0.808472952380, 0.811163640069, 0.813912327727, 0.816710197188, 0.819549050082, 0.822421308712, 0.825320006818, 0.828238772366, 0.831171804310, 0.834113845018, 0.837060149766, 0.840006454514, 0.842948942911, 0.845884213299, 0.848809246314},
            {0.787663281914, 0.787764914053, 0.788069028657, 0.788573300456, 0.789273920163, 0.790165689943, 0.791242149931, 0.792495729414, 0.793917915505, 0.795499431878, 0.797230420392, 0.799100619129, 0.801099531365, 0.803216581182, 0.805441252648, 0.807763210695, 0.810172402896, 0.812659142218, 0.815214171595, 0.817828711621, 0.820494493062, 0.823203776049, 0.825949357881, 0.828724571329, 0.831523275256, 0.834339839161, 0.837169123138, 0.840006454514, 0.842847602242, 0.845688749970, 0.848526468517, 0.851357688347},
            {0.793249391630, 0.793344127225, 0.793627654881, 0.794097953532, 0.794751708330, 0.795584388190, 0.796590348950, 0.797762957257, 0.799094729675, 0.800577481187, 0.802202477432, 0.803960585436, 0.805842418303, 0.807838470200, 0.809939238870, 0.812135333851, 0.814417569417, 0.816777042002, 0.819205192473, 0.821693854099, 0.824235287388, 0.826822203173, 0.829447775432, 0.832105645362, 0.834789918169, 0.837495153938, 0.840216353860, 0.842948942911, 0.845688749970, 0.848431986210, 0.851175222451, 0.853915366049},
            {0.798646030155, 0.798734548337, 0.798999510110, 0.799439150462, 0.800050571434, 0.800829805539, 0.801771900420, 0.802871020989, 0.804120564751, 0.805513285763, 0.807041422714, 0.808696826880, 0.810471086212, 0.812355642446, 0.814341898781, 0.816421316421, 0.818585498921, 0.820826263901, 0.823135702195, 0.825506224913, 0.827930599220, 0.830401973824, 0.832913895312, 0.835460316519, 0.838035598119, 0.840634504563, 0.843252195454, 0.845884213299, 0.848526468517, 0.851175222451, 0.853827069027, 0.856478915603},
            {0.803865632317, 0.803948525858, 0.804196686758, 0.804608566773, 0.805181621404, 0.805912362110, 0.806796426204, 0.807828661530, 0.809003222575, 0.810313674400, 0.811753100783, 0.813314213156, 0.814989457219, 0.816771114590, 0.818651397387, 0.820622534130, 0.822676845943, 0.824806812486, 0.827005127493, 0.829264744138, 0.831578910755, 0.833941197590, 0.836345515471, 0.838786127285, 0.841257653223, 0.843755070741, 0.846273710094, 0.848809246314, 0.851357688347, 0.853915366049, 0.856478915603, 0.859045263883},
        };
        
        return exact_core[nx][ny];
    }

    amrex::Real C = 0.2573434264137;
    amrex::Real x2 = deltax * deltax;
    amrex::Real y2 = deltay * deltay;

    // computing radial r^2, r^4 and r^6
    amrex::Real r2 = x2 + y2;
    if (r2 == 0)
    {
        return 0;
    }
    else
    {

        amrex::Real g0 = (0.25 * std::log(r2)) / M_PI + C;

        // computing higher order terms
        amrex::Real cos2 = (x2 - y2) / r2;
        amrex::Real sin2 = (2.0 * deltax * deltay) / r2;
        amrex::Real cos4 = (cos2 * cos2) - (sin2 * sin2);
        
        amrex::Real g1 = -cos4 / (24.0 * M_PI * r2);

        amrex::Real r4 = r2 * r2;
        amrex::Real sin4 = 2.0 * sin2 * cos2;
        amrex::Real cos8 = (cos4 * cos4) - (sin4 * sin4);

        amrex::Real g2 =  -((25.0 * cos8) + (18.0 * cos4)) / (480.0 * M_PI * r4);

        // commented out to run with 3 terms, 16 nodes and 32 cell lookup
        // amrex::Real r6 = r2 * r4;
        // amrex::Real sin8 = 2.0 * sin4 * cos4;
        // amrex::Real cos12 = (cos8 * cos4) - (sin8 * sin4);
        // amrex::Real sin12 = (sin8 * cos4) + (cos8 * sin4);

        // amrex::Real g3 = -((490.0 * cos12) + (459.0 * cos8)) / (2016.0 * M_PI * r6);

        return (g0 + g1 + g2);
    }
#endif
#if AMREX_SPACEDIM == 3
#endif
}
#endif